1	80
3	240
21	448
23	42
22	293
25	144
27	144
26	144
29	144
28	144
31	144
32	144
43	34
51	224
59	240
58	24
57	0
56	286
63	80
60	232
68	200
75	128
85	0
84	0
86	224
83	0
93	240
92	240
95	240
94	240
89	240
90	240
102	240
103	128
100	8
108	8
109	8
107	8
114	224
136	349
131	293
133	120
135	363
134	363
152	256
153	269
154	240
155	389
156	389
170	128
169	56
168	5
175	18
174	29
172	128
162	120
160	232
167	144
166	144
165	240
186	14
187	60
184	12
185	8
188	143
189	306
178	12
179	12
176	12
177	12
182	12
180	12
181	12
205	234
204	160
207	216
206	227
201	173
200	173
203	160
202	160
197	229
196	227
198	257
194	137
218	353
212	512
208	160
209	240
210	239
239	128
238	240
237	240
236	240
235	240
234	240
233	137
232	137
231	137
230	120
227	24
254	244
255	85
252	178
253	244
248	240
249	87
246	35
247	240
245	80
242	240
243	240
240	240
275	236
274	236
273	36
272	232
279	353
278	512
277	367
276	367
283	240
281	240
280	128
287	36
284	240
258	240
256	242
257	240
262	240
263	240
260	270
261	240
266	236
267	367
264	597
265	236
270	24
271	60
268	367
269	7
304	64
307	188
306	128
309	63
313	78
312	115
315	8
314	12
316	14
319	12
289	0
290	0
291	32
292	32
295	232
296	118
297	200
298	192
299	128
300	227
301	66
303	256
343	12
342	8
341	12
340	14
339	8
338	12
337	14
336	8
351	144
350	144
348	128
347	240
346	240
345	14
344	8
326	14
327	24
324	12
325	8
322	12
323	8
320	8
321	14
334	14
335	12
332	12
333	8
330	8
331	14
329	12
373	216
375	128
374	212
369	240
368	224
381	243
380	168
383	84
382	99
376	128
379	164
378	164
356	80
357	80
358	160
359	100
352	176
354	80
355	160
364	96
365	42
366	80
367	96
360	100
361	100
362	96
363	119
410	96
411	156
408	264
409	182
414	158
415	166
413	96
402	231
400	128
401	152
406	292
407	264
404	142
405	132
395	111
394	152
393	168
392	91
396	111
387	168
386	312
385	99
391	192
390	245
389	254
388	254
440	185
441	49
442	58
444	87
445	53
446	13
447	13
432	351
433	131
434	138
435	138
436	54
437	65
438	96
439	56
425	179
424	179
427	237
426	240
429	228
428	237
431	110
430	139
417	93
416	394
419	93
418	93
421	93
420	93
423	21
422	21
478	53
479	87
476	16
477	70
474	43
475	15
472	87
473	43
471	87
468	289
469	719
466	720
467	720
464	720
465	720
463	53
462	87
461	187
460	155
459	106
458	60
457	37
456	24
455	135
454	89
453	135
452	89
450	84
449	616
508	87
509	43
510	43
511	121
504	5
505	5
506	5
507	87
500	5
501	5
502	14
503	5
498	5
499	5
492	94
495	582
494	362
489	12
488	16
491	14
490	8
485	43
484	87
487	15
486	43
481	43
480	87
483	87
482	43
550	43
551	43
548	87
549	87
546	319
547	319
544	80
545	87
559	2
557	80
554	299
555	168
552	15
553	16
566	261
565	244
563	244
562	237
561	2
560	2
575	174
574	176
573	223
570	190
569	216
516	1080
517	87
518	87
519	43
512	86
513	40
514	131
515	724
524	720
525	720
527	720
520	43
523	720
533	719
532	289
535	13
534	168
531	720
530	289
541	289
543	719
542	168
537	13
536	13
538	13
610	256
611	104
608	160
609	256
614	108
615	72
612	120
613	120
618	174
619	174
616	96
622	177
620	100
621	177
627	104
626	104
624	75
635	241
634	241
632	241
639	24
638	24
637	104
636	104
576	178
577	240
578	240
579	230
580	212
581	212
582	106
583	87
584	90
587	276
589	177
590	184
591	120
593	96
592	160
595	96
594	96
597	162
596	162
599	164
598	96
601	96
600	133
603	132
602	96
604	114
607	126
606	96
687	0
686	0
685	144
684	8
683	200
682	144
681	192
680	233
702	20
703	20
700	36
701	36
698	104
697	71
694	168
695	168
692	107
693	197
690	237
691	237
688	0
689	245
653	0
652	0
655	188
654	0
649	456
648	158
650	232
645	24
644	24
647	148
646	24
641	24
640	24
643	24
642	24
668	46
671	184
664	67
665	99
666	56
667	99
660	67
661	99
662	56
663	99
656	214
657	172
658	46
659	24
747	16
746	2
745	2
744	208
751	0
750	0
738	0
737	204
736	71
743	16
742	366
741	228
766	0
767	0
754	0
755	8
752	0
753	0
759	8
756	8
714	123
719	137
718	170
705	239
706	96
728	12
729	8
730	14
731	0
732	125
733	208
735	8
720	238
721	238
722	252
724	174
821	86
820	226
823	192
822	48
817	226
816	0
819	226
818	226
829	161
828	28
825	28
824	116
827	24
826	23
804	0
805	0
806	0
807	0
800	0
801	0
802	0
803	0
812	0
814	92
815	0
810	0
811	0
787	253
786	350
785	240
784	48
799	0
798	0
797	0
796	0
774	0
775	0
772	0
773	0
770	0
771	0
768	0
783	240
781	48
779	240
881	24
885	174
884	268
887	227
886	96
889	227
888	227
891	231
890	231
893	232
892	231
895	232
894	232
864	270
865	270
866	270
868	273
869	332
871	226
872	203
873	199
874	199
875	96
876	128
877	172
879	352
851	267
850	206
849	205
848	237
852	267
859	216
858	270
857	270
856	270
863	270
861	332
860	332
834	180
835	180
833	200
838	180
839	180
836	180
837	180
843	222
840	222
841	222
846	222
847	222
844	222
845	222
956	24
957	24
959	226
952	4
953	4
955	236
948	4
949	17
950	4
951	4
944	8
945	8
946	4
947	4
941	8
940	8
943	8
942	8
937	8
936	8
939	8
938	8
933	8
932	8
935	8
934	8
929	8
928	8
931	8
930	8
926	8
927	8
924	4
925	8
922	4
923	4
920	4
921	4
918	4
919	4
916	4
917	4
914	240
915	138
912	199
911	195
909	208
908	231
906	240
905	237
904	237
903	232
902	236
901	236
900	236
899	236
898	198
897	235
896	235
1016	224
1017	224
1018	208
1019	159
1020	178
1021	230
1022	224
1023	192
1008	160
1009	80
1010	240
1011	240
1012	240
1013	208
1014	208
1015	208
1001	86
1000	86
1007	160
993	160
992	160
995	80
994	80
997	224
986	96
987	68
984	244
985	244
990	96
991	160
988	244
989	244
978	8
979	207
976	8
977	8
982	68
983	113
980	112
981	128
971	204
970	208
969	244
968	215
974	192
973	214
972	204
963	228
962	224
961	224
967	177
966	236
965	224
964	226
1100	72
1101	72
1102	64
1103	56
1096	148
1097	192
1098	192
1099	192
1092	156
1093	161
1094	116
1095	65
1088	144
1089	69
1090	156
1091	156
1117	208
1116	208
1119	142
1118	101
1113	70
1112	176
1114	389
1109	247
1108	320
1111	167
1110	125
1104	56
1107	128
1106	104
1134	240
1135	240
1132	128
1133	240
1130	128
1131	128
1128	256
1129	256
1127	256
1124	90
1125	80
1122	137
1123	85
1120	79
1121	72
1151	150
1148	107
1147	119
1146	246
1145	248
1144	246
1143	240
1142	227
1141	155
1140	240
1139	240
1138	240
1137	240
1136	236
1032	148
1033	220
1036	248
1037	248
1039	240
1025	190
1027	232
1028	112
1029	216
1030	152
1031	184
1049	240
1048	240
1051	240
1050	240
1052	240
1055	240
1054	240
1041	240
1043	240
1045	240
1044	240
1046	240
1066	240
1064	240
1065	240
1070	208
1071	208
1068	208
1069	208
1058	240
1057	240
1063	240
1061	240
1083	235
1082	235
1081	198
1080	198
1085	220
1075	208
1074	208
1073	208
1072	208
1079	198
1077	208
1223	96
1222	96
1229	96
1228	96
1230	96
1225	96
1224	96
1227	96
1226	96
1236	24
1237	24
1238	16
1239	86
1232	24
1233	32
1234	24
1235	24
1244	36
1245	36
1246	4
1247	4
1240	86
1241	96
1242	56
1243	56
1255	48
1254	20
1253	20
1252	4
1251	4
1250	4
1249	4
1248	8
1263	12
1262	0
1261	0
1260	48
1259	48
1258	20
1257	20
1256	48
1270	30
1271	14
1268	6
1269	5
1266	11
1267	16
1264	0
1265	0
1278	372
1276	290
1277	290
1274	48
1275	48
1272	20
1273	20
1153	68
1152	98
1155	66
1154	106
1157	98
1156	98
1159	91
1158	252
1161	41
1160	203
1163	56
1162	145
1165	73
1164	56
1167	73
1166	73
1168	73
1169	166
1171	50
1172	50
1173	14
1174	56
1175	12
1176	8
1177	12
1178	67
1179	63
1180	90
1181	84
1182	224
1183	240
1187	46
1186	115
1185	36
1184	115
1191	125
1190	125
1189	42
1188	46
1195	126
1194	61
1193	121
1192	126
1199	42
1198	121
1197	126
1196	121
1202	107
1203	74
1200	42
1201	42
1206	96
1204	49
1205	30
1375	240
1374	143
1373	293
1372	345
1371	240
1369	362
1368	75
1367	73
1366	81
1365	293
1364	152
1363	250
1362	253
1361	425
1360	240
1358	38
1356	64
1405	169
1404	340
1406	128
1401	97
1400	103
1403	256
1402	103
1397	130
1396	148
1399	103
1398	204
1393	133
1392	143
1395	132
1394	142
1388	250
1389	152
1390	204
1391	97
1384	295
1385	81
1386	73
1380	81
1381	73
1382	75
1383	295
1376	240
1377	246
1379	46
1307	310
1306	450
1305	391
1304	295
1309	470
1308	323
1299	32
1298	46
1297	157
1303	364
1302	295
1301	364
1300	36
1291	293
1288	293
1289	293
1294	416
1293	416
1282	510
1283	510
1280	372
1281	464
1286	293
1287	293
1284	398
1285	510
1337	46
1336	84
1338	71
1341	30
1329	98
1328	240
1331	520
1330	520
1332	554
1335	46
1334	84
1322	228
1323	81
1324	73
1325	75
1326	240
1327	240
1314	362
1315	384
1316	552
1317	338
1318	558
1319	558
1494	240
1495	240
1492	0
1493	221
1490	240
1489	240
1502	240
1503	240
1479	240
1478	240
1477	240
1476	197
1475	197
1474	221
1473	221
1472	240
1484	240
1483	197
1482	197
1481	221
1480	221
1524	240
1525	240
1520	240
1532	240
1533	240
1534	240
1535	240
1528	240
1529	240
1530	240
1531	240
1509	240
1508	240
1511	240
1510	240
1507	240
1506	240
1517	240
1516	240
1519	240
1512	240
1514	256
1426	240
1425	240
1428	240
1434	240
1435	0
1436	240
1408	124
1415	240
1414	33
1417	240
1416	48
1422	240
1457	234
1458	219
1459	240
1460	240
1467	0
1468	240
1469	240
1470	240
1471	240
1441	240
1440	240
1443	240
1442	0
1445	221
1444	221
1447	197
1446	197
1449	221
1448	221
1451	197
1450	197
1453	221
1452	221
1455	197
1454	197
1642	192
1643	192
1640	192
1641	192
1646	232
1647	240
1644	256
1634	288
1635	64
1633	288
1638	192
1639	192
1636	64
1637	192
1659	240
1658	240
1656	240
1663	518
1662	488
1661	518
1660	488
1651	96
1648	240
1608	240
1615	240
1602	240
1603	240
1604	136
1605	136
1606	136
1607	0
1625	240
1624	240
1627	240
1626	17
1629	240
1628	256
1631	240
1630	240
1617	248
1616	240
1619	276
1618	245
1621	384
1620	240
1623	240
1622	96
1582	240
1580	240
1581	240
1578	240
1579	240
1577	240
1572	263
1568	8
1597	240
1596	240
1591	240
1590	240
1589	240
1586	240
1549	240
1550	240
1551	144
1541	240
1536	240
1567	8
1557	240
1559	120
1558	240
1553	144
1763	329
1760	120
1764	291
1771	204
1770	240
1769	240
1768	232
1775	240
1774	240
1773	240
1772	204
1778	311
1779	784
1776	232
1777	232
1784	336
1790	120
1791	64
1731	128
1730	240
1733	120
1734	240
1737	316
1736	76
1739	240
1738	240
1740	128
1742	240
1744	128
1746	120
1747	232
1748	232
1749	120
1750	232
1752	232
1754	40
1755	232
1757	232
1759	128
1703	0
1702	0
1701	0
1711	476
1710	240
1708	60
1706	216
1704	0
1719	256
1716	256
1714	256
1726	100
1725	240
1722	240
1723	128
1721	17
1668	234
1671	48
1670	48
1665	264
1664	240
1667	40
1676	240
1678	240
1673	240
1675	240
1674	240
1684	240
1686	48
1680	240
1681	240
1683	48
1692	256
1695	120
1688	240
1689	240
1690	256
1691	240
1913	96
1912	384
1917	240
1916	240
1905	240
1904	240
1907	240
1906	240
1909	240
1908	240
1911	240
1896	192
1897	129
1898	156
1899	146
1900	192
1901	138
1902	240
1903	240
1893	26
1894	26
1895	26
1883	240
1882	240
1881	240
1880	240
1886	110
1875	242
1874	24
1873	110
1872	240
1879	240
1878	240
1876	128
1867	240
1864	168
1870	240
1871	240
1868	304
1869	240
1858	240
1859	240
1856	224
1857	240
1862	26
1863	26
1860	240
1853	240
1855	240
1854	240
1849	224
1848	216
1851	218
1850	240
1845	224
1844	224
1847	176
1846	224
1841	224
1840	224
1843	224
1836	224
1837	232
1838	224
1839	224
1832	224
1833	224
1835	224
1828	224
1829	224
1830	224
1831	224
1824	224
1825	235
1826	224
1827	224
1823	224
1822	224
1821	224
1817	232
1816	232
1814	232
1813	96
1809	240
1797	11
1794	64
1795	64
1792	72
1793	120
2032	240
2021	293
2020	293
2023	354
2022	96
2002	240
2000	240
2006	274
2007	256
2004	93
2005	244
2010	200
2011	200
2008	256
2009	256
2014	93
2012	200
1987	40
1986	152
1985	250
1984	128
1991	240
1990	160
1989	168
1988	64
1993	231
1999	160
1996	104
1972	120
1973	120
1974	120
1975	120
1968	240
1971	240
1980	240
1982	86
1983	122
1977	120
1956	240
1959	240
1958	240
1953	240
1955	240
1954	240
1965	240
1964	240
1967	240
1966	240
1960	240
1963	240
1943	240
1940	108
1938	232
1936	352
1937	576
1950	488
1951	518
1949	518
1944	240
1927	288
1926	192
1925	192
1924	192
1923	256
1920	240
1935	352
1934	352
1933	192
1931	192
1930	192
1929	288
1928	288
2201	0
2202	0
2203	0
2204	0
2205	0
2206	0
2207	0
2197	128
2187	128
2186	224
2190	128
2177	240
2179	24
2178	24
2234	84
2235	96
2232	32
2233	20
2236	13
2237	362
2231	36
2217	87
2216	128
2210	297
2209	0
2208	0
2215	224
2214	224
2213	224
2268	232
2269	120
2265	188
2266	240
2260	240
2261	144
2262	144
2259	240
2245	204
2244	204
2299	222
2297	8
2295	8
2292	8
2293	8
2291	8
2288	240
2289	360
2286	256
2285	256
2283	512
2280	240
2279	248
2064	80
2067	205
2066	352
2069	240
2071	80
2073	382
2079	128
2078	382
2050	144
2051	144
2054	240
2056	96
2099	89
2098	84
2097	89
2096	84
2103	89
2102	84
2101	89
2100	84
2107	89
2106	84
2105	89
2104	84
2111	89
2110	49
2109	89
2108	84
2083	24
2086	24
2084	24
2085	24
2090	84
2091	89
2094	84
2095	89
2092	84
2093	89
2112	240
2114	104
2166	96
2165	644
2164	644
2161	24
2160	48
2175	36
2174	232
2171	161
2145	74
2152	288
2443	67
2442	67
2441	67
2440	67
2447	240
2444	8
2434	96
2439	144
2438	144
2436	128
2448	240
2472	67
2474	67
2467	67
2469	67
2471	67
2470	67
2491	349
2492	67
2493	333
2494	333
2495	164
2480	154
2481	154
2483	154
2485	161
2487	160
2511	232
2510	49
2509	23
2508	49
2507	90
2506	44
2505	138
2504	139
2503	225
2502	296
2500	296
2498	296
2497	82
2496	229
2524	96
2516	210
2514	240
2515	128
2512	120
2513	161
2542	240
2533	192
2531	0
2530	96
2556	240
2557	240
2558	240
2554	240
2555	240
2548	240
2546	240
2306	0
2307	240
2304	40
2311	2
2308	240
2309	240
2314	240
2315	240
2312	7
2313	240
2323	480
2322	480
2327	665
2326	672
2324	480
2331	20
2330	36
2329	32
2328	36
2335	4
2334	4
2333	4
2332	8
2342	110
2343	127
2344	128
2345	255
2357	90
2359	96
2358	90
2361	128
2363	34
2375	92
2372	168
2373	96
2371	220
2382	8
2383	14
2380	128
2381	12
2378	14
2379	21
2376	12
2377	8
2390	5
2389	5
2388	5
2387	5
2386	14
2385	5
2384	5
2399	240
2397	240
2396	179
2394	128
2393	210
2405	232
2406	242
2400	96
2402	168
2403	128
2412	24
2413	24
2414	24
2415	24
2408	128
2421	224
2420	0
2423	224
2417	128
2416	209
2419	0
2429	240
2431	240
2430	240
2425	224
2427	240
2750	0
2748	0
2746	0
2747	0
2744	0
2745	0
2742	0
2743	0
2740	0
2741	0
2738	0
2739	0
2736	0
2737	0
2735	0
2734	0
2733	0
2732	195
2728	224
2727	256
2725	256
2724	128
2721	161
2717	131
2718	161
2719	161
2712	240
2714	131
2715	131
2708	80
2709	128
2711	240
2705	240
2706	240
2707	160
2700	240
2702	0
2697	135
2696	89
2693	128
2692	240
2695	135
2689	240
2690	240
2810	238
2811	238
2809	238
2814	240
2815	240
2812	128
2802	90
2803	90
2800	90
2801	90
2806	238
2807	238
2804	238
2805	238
2794	232
2793	143
2799	90
2798	90
2797	40
2796	232
2787	240
2786	240
2785	72
2784	236
2791	120
2790	128
2789	240
2788	240
2779	0
2781	240
2782	64
2783	64
2768	0
2769	0
2770	0
2771	0
2772	0
2773	0
2774	0
2775	0
2761	0
2760	0
2763	0
2765	0
2764	0
2767	0
2766	0
2753	0
2752	0
2755	0
2754	0
2756	0
2759	0
2758	0
2620	80
2619	96
2616	120
2598	240
2599	240
2596	240
2597	240
2594	24
2595	240
2593	24
2606	240
2605	40
2602	240
2603	128
2600	240
2601	240
2581	135
2579	14
2590	36
2584	94
2566	128
2567	128
2573	128
2574	164
2575	30
2568	128
2570	128
2675	240
2674	240
2673	240
2672	64
2679	96
2678	168
2677	128
2676	240
2683	216
2682	188
2681	96
2680	96
2658	96
2659	96
2656	96
2657	96
2662	96
2663	42
2660	96
2661	96
2666	224
2664	144
2665	144
2670	148
2671	130
2669	5
2641	232
2643	288
2642	96
2645	92
2644	146
2647	240
2646	90
2649	8
2648	8
2651	200
2650	256
2653	96
2652	128
2655	224
2654	352
2624	240
2625	240
2626	240
2631	240
2634	87
2638	352
2989	86
2990	24
2977	65
2978	43
3004	336
3005	336
3006	336
3007	128
3000	133
3001	336
3002	336
3003	336
2999	336
2995	128
2956	12
2944	147
2975	240
3049	560
3048	560
3051	560
3050	560
3053	560
3052	560
3055	560
3054	560
3045	224
3047	560
3046	133
3064	560
3065	560
3066	560
3067	560
3068	560
3071	560
3056	560
3057	560
3058	560
3059	560
3060	560
3061	560
3062	560
3063	560
3019	240
3017	240
3016	144
3011	160
3009	336
3008	276
3015	144
3014	240
3013	276
3012	216
3034	372
3033	290
3039	224
3036	293
3037	435
3026	240
3024	240
3025	240
3031	128
3029	128
2852	137
2854	240
2848	116
2850	224
2861	240
2862	240
2863	240
2856	128
2868	224
2870	24
2865	240
2864	352
2867	66
2866	240
2877	162
2876	120
2879	54
2878	54
2873	302
2875	171
2874	276
2820	240
2821	240
2818	240
2819	240
2830	89
2831	89
2826	128
2827	128
2825	291
2839	139
2838	139
2837	135
2836	89
2835	84
2834	240
2833	232
2832	112
2847	116
2846	116
2845	116
2844	116
2842	371
2841	139
2840	139
2912	528
2913	528
2917	240
2918	240
2919	239
2920	239
2928	168
2932	96
2936	272
2940	104
2942	141
2882	240
2883	240
2887	466
2890	295
2889	364
2892	204
2893	204
2903	240
2902	135
2901	53
2900	70
2907	21
2906	100
2905	80
2904	240
2911	152
2910	100
3284	225
3287	218
3281	225
3282	218
3292	108
3288	218
3289	9
3290	108
3291	92
3265	192
3264	306
3266	224
3277	225
3276	2
3279	225
3278	225
3275	225
3318	954
3319	954
3316	954
3317	954
3314	954
3315	954
3312	954
3313	954
3326	319
3327	319
3325	961
3322	26
3320	954
3321	954
3298	155
3297	155
3311	954
3310	954
3309	56
3307	192
3306	480
3305	306
3216	38
3217	240
3218	240
3219	240
3220	323
3221	323
3222	240
3230	8
3201	0
3200	0
3203	33
3202	0
3205	120
3204	15
3207	158
3206	188
3208	136
3213	238
3215	0
3250	961
3251	961
3248	961
3249	961
3254	9
3255	5
3252	961
3253	954
3258	961
3259	961
3256	231
3257	0
3262	0
3263	8
3260	961
3261	961
3234	240
3232	75
3239	512
3238	0
3243	954
3241	77
3247	961
3246	987
3245	985
3244	940
3165	6
3157	136
3156	136
3159	93
3158	89
3155	240
3154	240
3148	240
3149	240
3150	240
3151	240
3144	238
3145	220
3146	240
3147	240
3142	540
3143	559
3199	207
3174	14
3172	12
3173	8
3170	8
3171	14
3169	12
3096	176
3099	176
3100	176
3103	176
3088	100
3091	176
3095	176
3080	100
3081	100
3082	100
3083	100
3084	100
3085	100
3086	100
3087	100
3072	560
3073	560
3074	560
3075	560
3076	560
3077	100
3079	100
3131	489
3130	445
3129	559
3128	509
3133	447
3132	389
3123	0
3122	560
3125	81
3124	0
3114	448
3115	522
3112	448
3116	454
3117	385
3106	176
3105	176
3110	46
3527	8
3526	228
3525	228
3524	126
3523	64
3522	0
3535	228
3534	228
3533	228
3532	232
3531	232
3530	232
3529	8
3528	8
3542	228
3543	228
3540	232
3541	228
3538	232
3539	232
3537	224
3550	0
3551	37
3548	111
3549	85
3547	110
3545	224
3557	8
3556	8
3559	0
3558	8
3553	8
3552	7
3554	8
3565	667
3564	240
3566	512
3561	0
3560	0
3563	240
3562	0
3572	0
3573	0
3574	0
3568	0
3569	0
3570	0
3571	0
3580	136
3581	120
3582	0
3583	209
3576	0
3578	0
3579	0
3459	222
3458	222
3457	222
3456	240
3463	240
3462	240
3461	240
3460	240
3467	224
3466	223
3465	214
3471	8
3470	200
3469	205
3468	205
3474	224
3475	240
3472	8
3473	204
3478	204
3479	659
3476	240
3477	240
3482	216
3483	352
3480	120
3481	0
3486	400
3487	80
3484	352
3485	75
3489	240
3488	140
3490	240
3493	218
3495	218
3494	218
3497	218
3496	218
3499	218
3498	218
3501	388
3500	233
3503	388
3502	388
3504	148
3505	196
3506	240
3507	240
3508	36
3510	28
3512	175
3514	240
3515	301
3516	128
3517	218
3518	215
3519	276
3404	116
3394	80
3423	189
3421	156
3420	156
3419	156
3418	240
3415	0
3437	240
3438	240
3439	128
3432	8
3435	240
3428	44
3424	198
3425	187
3426	118
3427	198
3453	300
3452	300
3455	240
3454	112
3449	256
3448	256
3451	256
3450	256
3445	240
3444	240
3447	16
3443	256
3442	256
3338	407
3339	8
3340	334
3341	334
3330	496
3331	496
3329	434
3334	480
3332	456
3333	480
3352	0
3347	419
3346	439
3345	439
3344	96
3351	0
3350	149
3349	511
3348	197
3360	160
3361	56
3363	108
3366	74
3384	240
3386	240
3389	168
3377	144
3376	69
3379	238
3381	240
3380	240
3826	168
3827	92
3824	160
3825	289
3829	291
3834	0
3835	240
3833	240
3838	240
3839	0
3836	240
3837	112
3808	90
3815	161
3814	238
3813	82
3812	21
3819	33
3818	38
3816	120
3823	148
3822	96
3821	148
3820	66
3792	240
3793	240
3794	103
3795	74
3796	0
3797	67
3798	99
3799	56
3800	120
3801	144
3802	69
3803	36
3804	32
3805	45
3806	90
3807	45
3776	216
3779	40
3778	248
3780	216
3783	248
3782	248
3785	248
3786	248
3789	2
3788	176
3791	32
3790	36
3767	215
3764	215
3765	215
3763	215
3774	240
3772	240
3773	240
3770	240
3751	14
3750	8
3749	12
3748	43
3747	240
3759	238
3758	240
3757	238
3755	0
3754	240
3753	240
3752	296
3732	204
3729	160
3731	205
3740	240
3743	240
3736	240
3737	240
3738	240
3739	0
3717	87
3716	87
3719	43
3718	43
3713	14
3712	8
3715	90
3714	45
3724	20
3721	16
3720	15
3723	32
3722	36
3707	14
3706	8
3705	12
3704	14
3711	12
3710	14
3709	8
3708	12
3699	20
3698	20
3697	170
3696	226
3703	8
3702	12
3701	48
3700	48
3690	120
3691	120
3694	96
3695	192
3693	195
3682	256
3683	256
3680	332
3681	198
3686	100
3687	142
3684	26
3685	100
3673	240
3672	240
3675	240
3674	48
3677	118
3676	118
3679	270
3678	240
3665	24
3664	205
3667	0
3666	0
3669	64
3668	0
3671	48
3670	48
3656	136
3657	57
3658	57
3659	44
3660	251
3661	240
3663	237
3648	12
3649	8
3653	136
3654	144
3655	136
3635	128
3634	166
3632	240
3630	240
3631	240
3628	240
3629	240
3626	176
3624	0
3625	0
3622	100
3623	0
3620	240
3621	300
3618	232
3619	8
3613	12
3615	14
3614	8
3609	42
3608	120
3611	240
3610	291
3604	10
3607	240
3606	178
3601	0
3600	0
3603	0
3602	0
3596	240
3597	256
3598	0
3599	10
3592	5
3593	5
3594	0
3595	240
3588	240
3589	0
3591	5
3584	209
3585	2
3586	240
3587	240
4065	96
4064	164
4067	148
4066	198
4093	184
4035	219
4034	191
4033	5
4032	0
4039	91
4038	1
4037	1
4036	219
4040	240
4045	0
4044	270
4050	300
4051	295
4048	240
4049	240
4054	608
4055	150
4052	354
4053	532
4058	240
4059	7
4056	127
4057	103
4062	178
4063	199
4060	502
4005	716
4004	716
4007	240
4006	238
4001	288
4003	47
4013	336
4012	336
4015	336
4009	336
4008	176
4011	336
4010	336
4020	160
4021	216
4022	276
4023	128
4018	336
4028	38
4029	36
4031	280
4024	96
4026	352
4027	77
3975	0
3974	78
3973	65
3971	46
3968	415
3983	366
3982	48
3981	48
3980	240
3979	240
3978	385
3977	385
3976	452
3991	205
3988	240
3989	240
3984	288
3985	288
3998	452
3999	129
3996	240
3994	125
3995	240
3992	270
3993	270
3944	441
3945	441
3948	12
3949	8
3950	14
3951	4
3936	42
3937	129
3938	452
3939	562
3940	47
3941	0
3942	84
3943	46
3961	8
3960	150
3963	21
3962	27
3965	56
3964	27
3967	332
3966	157
3953	6
3952	4
3955	6
3954	6
3957	6
3956	6
3959	146
3958	162
3914	166
3915	98
3912	73
3913	73
3918	216
3919	110
3916	88
3917	47
3906	141
3907	104
3904	160
3905	147
3910	112
3911	112
3908	104
3909	112
3931	8
3930	8
3929	8
3928	595
3935	55
3934	55
3933	8
3932	8
3923	110
3922	38
3921	10
3920	96
3927	221
3925	0
3924	0
3885	309
3886	532
3887	608
3880	64
3881	697
3882	790
3883	390
3878	203
3879	595
3901	98
3900	130
3903	167
3902	189
3897	102
3896	102
3899	130
3898	161
3893	37
3892	114
3895	130
3894	156
3889	608
3888	532
3891	608
3890	532
3854	240
3855	245
3852	240
3853	240
3850	0
3851	0
3848	59
3849	4
3846	0
3847	0
3844	0
3845	0
3842	0
3843	0
3840	0
3841	0
3871	224
3867	240
3866	240
3865	240
3864	0
3863	336
3861	80
3860	112
3859	61
3858	61
3856	62
4400	250
4401	138
4402	138
4403	67
4404	135
4405	16
4406	134
4407	134
4408	134
4409	240
4410	96
4411	34
4412	240
4413	240
4415	0
4384	24
4387	134
4388	134
4391	256
4393	0
4392	603
4395	105
4394	64
4397	64
4396	135
4399	240
4398	240
4370	231
4371	226
4368	172
4369	173
4374	240
4372	85
4373	92
4382	184
4381	184
4355	168
4353	289
4352	29
4359	43
4358	43
4357	87
4356	87
4363	310
4362	221
4367	144
4366	184
4365	4
4364	310
4471	8
4464	107
4465	240
4467	240
4479	240
4472	8
4453	240
4452	240
4455	240
4454	240
4451	0
4461	252
4460	141
4463	124
4462	120
4457	240
4456	240
4459	123
4458	107
4436	236
4435	236
4446	96
4447	96
4445	96
4423	240
4420	245
4419	245
4418	245
4417	245
4428	240
4427	240
4424	240
4537	120
4536	240
4538	120
4543	240
4542	240
4533	240
4535	0
4534	240
4520	56
4521	34
4522	40
4523	45
4524	44
4525	45
4526	89
4512	354
4513	53
4514	12
4515	8
4516	14
4517	225
4518	67
4519	99
4507	315
4506	315
4505	354
4504	354
4511	354
4510	36
4509	36
4508	151
4496	0
4503	354
4502	354
4501	26
4490	324
4488	354
4489	354
4494	0
4495	286
4493	286
4482	101
4483	164
4480	240
4481	240
4486	240
4487	324
4484	224
4485	86
4605	43
4604	87
4607	15
4600	289
4603	87
4602	168
4596	456
4593	0
4595	0
4594	0
4591	0
4585	153
4586	153
4580	153
4581	153
4579	153
4574	480
4573	480
4567	187
4566	207
4565	207
4564	174
4563	125
4562	82
4561	55
4560	38
4558	0
4559	0
4556	0
4557	0
4554	0
4555	0
4552	0
4553	0
4550	0
4551	0
4546	240
4547	246
4544	240
4545	240
4130	128
4129	128
4128	128
4133	110
4132	110
4138	93
4137	32
4136	32
4142	552
4141	48
4148	266
4153	67
4158	120
4156	67
4157	67
4107	240
4106	240
4109	240
4108	240
4111	128
4112	128
4113	128
4114	128
4115	128
4116	128
4117	128
4118	128
4119	128
4120	128
4121	128
4122	128
4123	128
4124	128
4125	128
4126	128
4127	128
4199	264
4198	264
4197	240
4196	264
4195	264
4194	169
4193	264
4192	114
4207	174
4206	50
4205	162
4204	162
4203	349
4202	264
4201	264
4214	64
4210	64
4208	238
4209	302
4222	256
4223	256
4220	192
4221	192
4218	64
4219	128
4165	266
4164	248
4167	128
4166	266
4161	291
4160	232
4163	248
4162	264
4173	125
4172	224
4175	10
4174	8
4169	85
4171	243
4170	128
4181	232
4182	240
4183	100
4176	101
4177	224
4179	225
4189	112
4190	220
4191	220
4184	142
4185	80
4186	160
4187	232
4266	195
4267	218
4264	0
4265	390
4270	147
4271	145
4268	107
4269	85
4258	0
4259	0
4256	0
4257	0
4262	81
4263	70
4260	0
4261	0
4282	165
4281	264
4280	248
4287	93
4286	66
4284	4
4275	119
4274	96
4273	174
4272	114
4279	26
4278	241
4277	241
4276	241
4232	64
4235	128
4236	192
4237	256
4238	128
4239	192
4224	360
4225	360
4226	110
4227	174
4228	814
4229	64
4248	266
4250	264
4252	128
4255	0
4254	111
4241	128
4240	256
4243	120
4242	8
4245	96
4244	96
4247	266
4246	264
4334	40
4335	45
4332	8
4333	34
4330	4
4331	4
4328	30
4329	20
4326	131
4327	245
4325	207
4351	30
4350	5
4349	16
4348	11
4347	90
4346	63
4345	67
4344	14
4343	8
4342	12
4341	14
4340	8
4339	12
4338	0
4337	0
4336	44
4300	80
4301	160
4302	128
4303	27
4296	128
4297	100
4298	100
4299	142
4292	197
4293	197
4294	187
4295	0
4288	21
4289	197
4290	197
4291	197
4317	0
4316	240
4319	240
4318	240
4312	144
4315	240
4309	146
4308	288
4311	144
4310	96
4305	72
4304	240
4307	236
4306	64
4886	0
4885	75
4882	240
4883	8
4892	240
4893	0
4890	240
4891	240
4871	189
4870	32
4869	32
4867	60
4866	220
4865	127
4864	240
4879	8
4877	111
4876	127
4875	102
4874	100
4873	77
4872	164
4916	240
4917	240
4918	104
4919	0
4912	40
4913	240
4914	240
4915	240
4926	74
4927	110
4920	240
4903	352
4902	352
4897	240
4899	240
4898	240
4909	0
4908	96
4911	120
4910	96
4907	352
4906	352
4944	40
4945	28
4931	280
4930	240
4928	143
4934	240
4936	240
4943	24
4942	432
4976	144
4977	176
4978	152
4979	144
4980	176
4981	152
4982	144
4983	176
4984	152
4985	144
4986	176
4991	144
4965	40
4967	40
4971	0
4970	232
4973	240
4972	240
5013	240
5008	238
5000	24
4998	24
4999	24
4997	24
4992	176
4993	152
5054	232
5049	168
5050	149
5047	289
5046	240
5041	0
5040	0
5042	0
5037	219
5038	146
5039	73
5083	533
5081	86
5080	86
5087	160
5086	166
5085	197
5075	24
5074	32
5073	24
5079	16
5078	24
5077	24
5076	24
5064	512
5065	472
5056	240
5057	240
5113	100
5115	64
5114	50
5116	249
5119	0
5118	0
5105	152
5107	152
5106	152
5109	266
5108	259
5099	240
5101	240
5102	240
5088	0
5089	0
5090	0
5091	240
5092	276
5093	261
4613	30
4612	5
4615	0
4614	29
4609	221
4608	16
4611	16
4610	11
4620	100
4622	288
4616	0
4628	68
4629	240
4631	240
4624	100
4625	100
4626	288
4627	288
4636	240
4637	240
4638	240
4632	240
4633	240
4635	240
4646	120
4645	232
4644	120
4643	232
4642	224
4641	112
4640	240
4655	86
4654	224
4651	96
4650	294
4649	240
4662	8
4663	8
4660	208
4661	208
4658	208
4659	208
4656	72
4670	237
4671	243
4669	261
4666	8
4664	8
4665	8
4684	107
4687	8
4688	8
4689	8
4691	234
4692	332
4694	211
4695	216
4696	218
4698	216
4699	64
4700	64
4701	266
4707	241
4710	240
4709	0
4708	241
4715	160
4714	80
4712	8
4719	80
4717	80
4716	160
4723	160
4731	8
4729	143
4734	8
4735	34
4733	12
4748	17
4749	309
4744	94
4745	0
4746	80
4747	17
4740	89
4741	89
4742	89
4743	240
4736	40
4737	45
4738	44
4739	45
4764	70
4767	319
4761	240
4760	240
4763	0
4762	0
4757	156
4756	288
4759	240
4758	240
4755	100
4754	309
4782	7
4783	7
4780	94
4781	240
4778	94
4779	94
4776	94
4777	94
4774	240
4775	240
4772	240
4773	240
4771	255
4769	488
4799	236
4798	152
4797	100
4795	111
4794	111
4793	138
4792	138
4791	131
4788	422
4787	422
4786	203
4785	240
4784	92
4808	240
4809	189
4810	190
4811	146
4812	318
4813	232
4814	234
4815	0
4800	236
4802	240
4803	240
4804	240
4805	0
4806	240
4807	240
4825	49
4824	74
4827	124
4829	97
4828	103
4831	204
4830	103
4817	362
4816	466
4818	364
4820	295
4823	107
4822	30
4842	136
4843	136
4840	136
4841	136
4846	240
4847	240
4844	136
4845	240
4834	204
4832	115
4833	204
4838	136
4839	136
4836	136
4837	136
4859	278
4858	519
4857	46
4856	36
4863	240
4862	107
4861	268
4860	278
4851	253
4850	425
4849	240
4848	98
4855	75
4854	73
4853	81
5500	17
5497	96
5498	170
5499	195
5495	21
5489	241
5460	27
5458	0
5459	0
5456	0
5457	0
5455	0
5452	354
5448	63
5447	89
5446	16
5445	16
5444	128
5443	240
5442	128
5441	240
5440	240
5432	126
5433	112
5434	112
5435	108
5436	108
5437	108
5438	112
5439	115
5424	4
5425	4
5426	4
5428	240
5429	147
5430	241
5417	35
5416	35
5419	240
5418	240
5421	4
5420	240
5423	4
5422	4
5409	236
5408	242
5411	367
5410	236
5413	512
5412	367
5415	80
5414	353
5403	178
5401	137
5406	240
5407	597
5405	240
5395	240
5392	4
5393	15
5398	103
5399	120
5396	240
5397	240
5387	240
5386	240
5385	240
5384	128
5391	4
5390	4
5389	4
5388	240
5379	0
5378	0
5377	0
5383	225
5382	128
5381	225
5380	240
5621	196
5622	254
5617	240
5618	144
5629	368
5628	368
5631	144
5630	368
5625	106
5627	366
5626	394
5604	56
5605	30
5606	17
5600	0
5601	0
5603	0
5612	244
5613	50
5614	144
5615	120
5608	234
5609	100
5610	62
5611	301
5588	14
5587	8
5586	12
5585	42
5584	60
5574	107
5575	66
5570	207
5568	207
5569	35
5582	55
5583	85
5581	99
5578	360
5577	66
5552	354
5555	205
5556	196
5564	170
5567	207
5566	207
5536	40
5537	22
5539	134
5540	125
5541	171
5542	149
5545	82
5546	62
5547	82
5548	82
5549	82
5551	354
5521	14
5520	8
5527	0
5526	240
5525	240
5530	120
5529	120
5528	240
5535	89
5534	89
5533	45
5511	45
5512	90
5519	12
5231	289
5227	4
5226	4
5246	96
5244	242
5243	4
5240	247
5241	247
5238	0
5239	0
5236	92
5237	244
5234	8
5235	14
5232	168
5233	12
5212	45
5213	44
5210	34
5211	40
5204	8
5205	14
5203	12
5169	152
5129	354
5120	0
5123	99
5122	67
5125	99
5127	148
5126	258
5350	174
5351	96
5348	69
5349	114
5346	156
5347	146
5344	224
5345	144
5358	67
5359	99
5356	161
5357	238
5354	66
5355	82
5352	188
5353	104
5367	110
5366	110
5365	49
5364	174
5363	110
5362	236
5361	354
5360	56
5316	341
5317	120
5318	180
5319	240
5312	168
5313	225
5314	240
5315	277
5324	12
5325	8
5326	14
5327	12
5320	277
5321	341
5322	180
5323	120
5333	142
5332	133
5335	34
5334	71
5329	14
5328	8
5331	143
5330	103
5341	89
5340	89
5343	224
5342	40
5337	45
5336	40
5339	45
5338	44
5282	451
5280	286
5281	0
5286	16
5287	176
5285	16
5290	136
5288	136
5294	140
5295	136
5292	136
5293	40
5298	136
5297	140
5296	140
5303	14
5302	14
5301	14
5307	26
5306	120
5305	16
5304	16
5311	187
5310	206
5309	90
5308	45
5249	195
5250	40
5252	123
5254	123
5255	84
5256	123
5257	123
5258	123
5259	208
5265	232
5267	8
5266	36
5269	0
5270	86
5273	132
5272	86
5275	224
5274	240
5277	224
5276	224
5278	68
5982	0
5983	0
5981	83
5962	240
5960	232
5955	8
5954	12
5953	43
5952	43
5958	8
5957	12
5956	14
6008	212
6010	240
6011	240
6000	240
6001	240
6002	240
6003	240
6004	240
6005	240
6006	240
6007	212
5993	240
5995	240
5994	232
5997	236
5996	236
5998	240
5985	56
5984	0
5987	17
5986	30
5989	240
5991	240
5990	240
5918	31
5919	240
5917	63
5914	240
5915	240
5912	240
5913	240
5906	143
5950	87
5951	87
5932	240
5929	240
5928	240
5931	240
5930	240
5925	240
5924	240
5927	240
5926	240
5923	240
5922	240
6099	240
6098	240
6106	240
6109	240
6086	40
6085	220
6091	239
6133	240
6132	240
6135	240
6134	240
6138	71
6141	77
6142	77
6114	240
6118	334
6120	32
6122	32
6123	32
6124	32
6125	160
6047	226
6045	104
6044	245
6043	245
6042	0
6041	64
6028	125
6064	232
6060	159
6057	183
5737	192
5736	208
5734	208
5756	61
5757	61
5645	192
5644	208
5647	64
5646	192
5641	208
5640	208
5643	192
5637	192
5636	240
5639	240
5638	136
5633	240
5635	240
5634	240
5662	61
5663	61
5652	192
5653	192
5648	64
5649	192
5650	192
5651	192
5677	192
5675	192
5672	64
5671	64
5686	61
5687	61
5825	60
5826	248
5827	0
5828	273
5829	6
5830	320
5831	264
5832	320
5833	241
5834	0
5835	125
5837	208
5838	239
5839	145
5841	242
5840	79
5858	240
5860	205
5882	81
5881	150
5780	288
5783	304
5782	304
5779	61
5778	61
5788	105
5791	178
5785	288
5784	288
5787	288
5786	288
5798	240
5799	8
5796	240
5797	240
5794	240
5795	240
5793	240
5807	178
5802	8
5800	8
5801	8
5814	126
5812	232
6568	241
6569	241
6572	241
6573	241
6575	360
6562	240
6563	240
6564	240
6565	240
6566	222
6585	87
6584	87
6587	43
6586	43
6589	236
6588	236
6591	236
6590	236
6576	240
6578	309
6581	240
6580	208
6583	48
6582	48
6538	113
6539	128
6536	162
6542	128
6543	256
6540	128
6541	128
6530	58
6531	240
6529	240
6535	160
6532	182
6555	239
6553	239
6552	224
6547	256
6545	256
6544	256
6632	0
6628	240
6629	192
6630	224
6624	216
6625	216
6653	144
6652	560
6655	64
6654	0
6651	560
6644	108
6646	128
6606	138
6607	191
6604	0
6605	0
6602	0
6603	0
6600	71
6601	236
6599	240
6596	101
6594	210
6595	210
6592	236
6593	236
6620	240
6619	132
6618	52
6617	24
6615	222
6614	78
6613	192
6612	192
6611	192
6610	192
6609	192
6608	192
6439	291
6447	238
6448	128
6450	232
6454	171
6403	168
6401	8
6400	12
6419	232
6417	240
6420	128
6501	224
6500	144
6497	144
6496	26
6498	144
6505	240
6504	224
6516	224
6517	224
6512	224
6513	224
6514	224
6515	224
6525	240
6526	240
6527	240
6468	0
6466	0
6465	0
6464	0
6477	16
6476	15
6474	43
6473	87
6472	87
6480	156
6481	132
6332	286
6323	18
6322	48
6321	48
6320	205
6325	25
6324	21
6315	0
6318	0
6319	0
6311	105
6297	67
6299	56
6298	99
6292	168
6280	232
6281	232
6272	48
6273	48
6274	179
6275	160
6276	231
6277	340
6279	203
6399	14
6398	8
6397	12
6396	197
6395	197
6394	221
6393	221
6390	240
6389	240
6388	0
6387	0
6386	0
6384	0
6382	217
6381	622
6373	5
6370	196
6368	214
6369	176
6367	219
6366	235
6361	12
6360	14
6362	8
6357	240
6356	48
6359	8
6358	12
6353	96
6352	96
6348	240
6349	240
6350	240
6344	48
6345	48
6346	240
6347	240
6340	240
6341	240
6342	240
6343	52
6194	108
6195	108
6198	77
6196	77
6197	147
6202	272
6203	197
6206	95
6207	223
6179	78
6178	125
6177	64
6176	103
6182	192
6181	191
6180	48
6160	82
6161	34
6168	0
6150	64
6152	174
6155	175
6154	162
6157	162
6156	175
6159	70
6158	70
6263	212
6260	120
6261	232
6256	66
6270	240
6271	240
6268	204
6269	140
6266	189
6267	237
6264	237
6265	237
6247	210
6246	152
6245	60
6244	240
6243	0
6242	176
6240	288
6255	66
6254	247
6253	8
6252	8
6251	8
6250	21
6249	256
6248	81
6230	20
6231	105
6236	219
6237	142
6238	288
6232	352
6233	0
6234	44
6235	44
6213	193
6215	240
6214	240
6209	240
6210	24
6217	240
6216	240
6219	240
6218	240
7054	0
7055	136
7050	144
7048	24
7049	144
7046	24
7047	24
7044	104
7045	24
7157	255
6919	448
6926	0
6925	240
6924	56
6923	56
6922	56
6921	56
6920	448
6934	97
6935	130
6932	327
6933	327
6930	240
6931	327
6928	229
6929	240
6943	77
6940	240
6941	32
6938	154
6939	240
6936	97
6937	154
6951	68
6944	38
6946	38
6957	240
6956	240
6959	240
6958	240
6952	68
6955	240
6964	226
6965	240
6966	240
6967	197
6960	240
6961	227
6962	227
6963	226
6973	240
6974	240
6968	197
6969	120
6971	240
7002	363
7003	357
7013	114
7014	154
7017	240
7016	240
7019	209
7020	209
7022	24
7029	104
7030	104
6796	44
6792	168
6793	34
6794	40
6795	45
6788	240
6786	31
6787	31
6842	252
6841	40
6839	96
6838	224
6837	224
6836	224
6833	174
6832	174
6830	14
6828	12
6829	8
6865	341
6864	34
6867	141
6866	54
6869	27
6868	104
6870	27
6856	150
6857	149
6858	149
6859	34
6860	34
6861	34
6863	34
6848	215
6849	198
6850	309
6851	309
6852	309
6853	309
6854	309
6855	309
6910	128
6897	106
6896	174
6894	243
6676	240
6677	240
6678	240
6679	240
6672	39
6673	39
6674	240
6675	240
6684	240
6685	240
6687	144
6680	240
6681	240
6682	240
6683	240
6660	204
6663	68
6657	114
6656	102
6669	77
6668	240
6671	49
6670	38
6664	240
6667	68
6695	144
6694	144
6693	144
6692	144
6691	144
6690	144
6689	144
6688	144
6701	240
6700	240
6699	240
6697	144
6696	144
7524	10
7527	136
7526	0
7521	40
7520	45
7523	10
7522	10
7503	242
7502	208
7501	219
7500	208
7499	217
7497	117
7496	117
7518	45
7517	12
7514	88
7512	67
7513	89
7510	208
7508	208
7509	219
7506	208
7507	217
7504	144
7505	144
7434	8
7398	345
7396	207
7397	265
7392	63
7393	193
7379	81
7378	81
7389	0
7391	23
7386	31
7372	14
7370	12
7371	8
7358	242
7357	79
7356	222
7331	93
7321	67
7323	242
7289	67
7271	240
7270	240
7269	40
7267	89
7266	45
7265	44
7264	45
7261	0
7262	34
7263	40
7257	8
7252	0
7250	1
7245	9
7241	352
7239	1
7227	0
7228	250
7229	250
7218	0
7219	250
7216	250
7222	240
7220	250
7221	128
7211	14
7210	8
7209	12
7208	56
7214	248
7212	31
7203	34
7200	240
7207	99
7206	67
7205	34
7204	34
7192	230
7194	169
7196	0
7197	0
7198	0
7199	96
7184	15
7185	10
7186	13
7187	15
7188	10
7189	156
7190	98
7191	107
7176	240
7179	240
7178	240
7181	10
7180	240
7183	13
7172	240
7175	251
8814	96
8815	96
8823	240
8822	480
8825	480
8824	240
8827	480
8829	89
8828	84
8831	104
8830	135
8770	173
8771	231
8768	96
8775	204
8772	120
8773	204
8778	168
8779	168
8776	190
8782	123
8780	86
8781	123
8787	240
8786	240
8785	232
8789	240
8788	240
8799	120
8797	128
8742	413
8738	352
8739	352
8748	146
8749	182
8750	198
8751	103
8744	240
8745	240
8746	129
8747	232
8756	123
8759	240
8758	129
8753	243
8752	243
8755	240
8754	243
8765	240
8764	240
8766	145
8763	240
8710	174
8711	110
8708	110
8709	174
8706	174
8707	49
8705	110
8718	0
8719	0
8712	256
8727	17
8726	30
8725	56
8724	45
8723	0
8722	0
8721	0
8734	14
8733	8
8732	12
8731	43
8730	43
8729	87
8728	87
8939	120
8941	120
8940	120
8931	240
8933	240
8932	240
8935	240
8952	58
8953	6
8956	240
8957	0
8958	212
8959	212
8944	12
8945	8
8946	14
8947	289
8948	168
8950	185
8951	34
8911	64
8922	12
8923	8
8920	8
8926	715
8927	344
8919	12
8847	737
8846	737
8845	984
8844	984
8841	232
8858	206
8859	149
8856	240
8857	249
8854	338
8855	240
8852	474
8853	338
8850	474
8848	331
8849	331
9079	245
9078	225
9077	225
9076	102
9083	44
9082	126
9081	197
9080	245
9085	288
9043	174
9042	174
9025	46
9034	623
9036	507
9038	240
9039	240
9015	167
9010	167
9020	167
8992	144
8993	129
8991	225
8990	262
8985	144
8987	67
8986	34
8964	6
8965	6
8967	0
8960	212
8969	84
8970	81
8971	109
9161	135
9160	135
9163	8
9162	8
9164	8
9159	137
9151	240
9143	195
9141	161
9138	220
9139	161
9136	0
9137	0
9135	0
9134	0
9133	0
9132	0
9131	0
9130	0
9129	0
9128	0
9127	0
9126	0
9125	120
9124	288
9123	287
9122	264
9120	192
9116	152
9118	152
9119	192
9112	224
9113	224
9114	216
9115	239
9108	104
9109	44
9110	104
9111	164
9104	104
9106	152
9107	240
9101	240
9100	240
9102	240
9097	136
9099	253
9098	192
9089	192
9088	136
9090	100
8703	114
8700	85
8701	149
8697	224
8689	149
8687	224
9765	251
9766	28
9767	60
9762	128
9742	745
9743	264
9758	128
9754	128
9747	240
9746	480
9745	36
9744	232
9973	161
9977	240
9978	240
9979	240
10036	48
10035	112
10034	240
10033	204
10032	240
10030	8
10031	14
10028	58
10029	12
10026	240
10027	240
10024	240
10025	240
10022	240
10023	240
10020	240
10021	240
10018	0
10019	240
10016	0
10017	150
10013	240
10012	240
10015	176
10009	240
10008	240
10011	240
10010	240
10007	240
10006	240
10001	170
10000	170
10003	240
9996	155
9997	149
9998	148
9999	153
9993	152
9994	147
9995	158
9989	0
9990	239
9987	95
10107	332
10106	264
10111	110
10110	51
10109	264
10108	264
10103	110
10090	139
10088	34
10089	34
10094	131
10095	0
10093	125
10082	290
10083	464
10081	290
10087	34
10077	7
10076	7
10079	7
10078	7
10065	111
10064	111
10067	145
10066	148
10056	139
10057	332
10058	83
10059	97
10060	244
10061	126
10062	256
10063	240
10053	323
10055	227
10167	273
10162	254
10160	178
10161	103
10174	252
10175	199
10170	0
10171	123
10168	141
10151	152
10150	152
10149	216
10148	73
10147	170
10146	283
10145	248
10159	88
10158	133
10157	192
10156	120
10155	288
10154	264
10153	192
10152	192
10132	201
10133	215
10134	217
10135	201
10128	469
10129	319
10130	215
10131	217
10140	306
10141	269
10136	316
10137	76
10138	120
10139	306
10119	110
10113	238
10112	174
10114	302
10125	237
10124	173
10127	311
10126	302
10121	237
10120	173
10123	110
10122	302
10226	240
10227	86
10225	86
10231	240
10228	240
10229	240
10234	240
10235	240
10232	240
10233	240
10238	240
10239	240
10236	240
10208	86
10218	86
10217	240
10193	240
10194	240
10195	86
10196	240
10201	86
10202	240
10203	240
10204	86
10205	86
10206	240
10207	240
10177	240
10179	239
10178	181
10181	240
10180	240
10183	240
10182	240
10185	240
10184	240
10187	240
10186	128
10189	0
10188	0
10191	0
10190	0
9273	237
9272	384
9275	12
9277	12
9276	11
9265	262
9264	281
9267	274
9266	360
9269	281
9271	41
9292	313
9291	104
9288	12
9289	0
9284	12
9282	11
9283	11
9280	12
9281	12
9311	41
9310	41
9309	41
9306	53
9305	53
9304	53
9303	53
9299	232
9298	34
9297	53
9296	48
9324	8
9325	240
9327	12
9320	362
9321	240
9322	8
9323	8
9319	362
9312	41
9315	4
9341	240
9343	240
9342	240
9337	232
9336	34
9333	34
9332	34
9335	34
9334	232
9329	8
9328	8
9331	48
9330	8
9347	240
9346	240
9345	240
9344	240
9351	240
9350	240
9349	240
9348	240
9352	240
9359	240
9357	240
9362	191
9363	214
9360	214
9361	202
9364	202
9365	191
9370	38
9371	38
9374	56
9375	301
9372	38
9373	38
9376	175
9381	88
9380	331
9383	240
9382	178
9384	240
9392	223
9398	240
9430	96
9447	35
9443	168
9453	1
9454	1
9460	1
9461	1
9462	1
9457	1
9458	1
9459	15
9470	230
9471	114
9499	61
9498	96
9501	118
9500	155
9503	86
9502	85
9489	105
9488	103
9491	208
9490	208
9480	288
9481	288
9482	288
9483	288
9485	79
9486	93
9487	105
9472	128
9473	240
9474	240
9475	288
9476	288
9478	304
9479	304
9531	120
9529	208
9528	208
9535	178
9534	88
9533	82
9532	104
9523	240
9522	59
9521	99
9520	119
9527	208
9526	208
9525	188
9524	28
9514	192
9515	107
9512	103
9513	0
9518	320
9519	99
9517	320
9506	69
9507	53
9504	66
9505	68
9510	235
9511	21
9508	139
9565	236
9564	236
9567	40
9560	125
9563	236
9557	101
9556	102
9559	120
9558	232
9553	103
9552	92
9555	84
9554	111
9549	74
9550	10
9551	108
9544	240
9547	240
9541	0
9542	0
9543	0
9536	103
9537	479
9538	120
9539	81
9599	236
9598	236
9596	236
9595	146
9594	103
9593	103
9591	103
9590	45
9589	81
9588	247
9587	247
9586	128
9585	128
9584	128
9582	308
9583	68
9580	8
9581	14
9578	14
9579	12
9576	12
9577	8
9574	8
9575	14
9573	12
9570	96
9571	96
9568	54
9569	96
9616	117
9617	208
9618	224
9619	224
9620	208
9621	144
9622	156
9623	136
9624	118
9625	134
9626	240
9627	240
9628	50
9629	50
9630	50
9601	248
9600	236
9605	71
9604	48
9607	240
9606	71
9609	240
9608	240
9611	168
9610	204
9613	96
9612	96
9615	85
9614	93
9650	89
9651	133
9648	193
9649	236
9654	133
9653	89
9658	108
9659	108
9656	64
9657	64
9662	128
9663	157
9660	193
9661	31
9643	193
9642	150
9641	133
9640	89
9647	151
9646	108
9645	236
9644	193
9684	168
9685	126
9686	102
9687	168
9680	8
9681	8
9682	181
9683	214
9692	0
9693	0
9694	225
9695	225
9688	168
9689	168
9690	168
9691	0
9669	43
9668	455
9671	21
9670	43
9665	73
9664	81
9667	200
9666	75
9677	2
9676	31
9679	8
9678	2
9673	15
9675	31
9674	16
9718	38
9716	49
9717	77
9714	77
9713	49
9722	49
9720	77
9703	129
9702	138
9701	0
9700	96
9699	96
9698	132
9697	147
9696	241
9711	77
9710	49
9709	38
9708	77
9705	146
9704	156
10947	38
10946	77
10949	38
10948	77
10943	198
10913	349
10912	512
10915	821
10914	529
10910	523
10911	529
10908	522
10906	93
10907	391
10904	108
10905	93
10902	273
10903	270
10900	267
10901	267
10898	269
10899	266
10896	269
10897	273
10895	272
10894	276
10893	270
10890	720
10889	128
10888	64
10887	64
10886	128
10885	128
10884	64
10883	64
10882	128
10865	135
10864	227
10867	12
10866	12
10868	12
10870	266
10876	256
10848	224
10849	224
10850	0
10852	36
10853	32
10854	20
10857	266
10858	0
10859	0
10860	0
10861	0
10862	0
10863	227
10835	264
10834	165
10833	238
10832	237
10839	160
10838	160
10837	0
10836	186
10843	160
10842	5
10841	0
10840	160
10847	12
10846	14
10845	8
10844	12
10816	240
10817	209
10826	233
10824	218
10825	233
10830	239
10831	240
10828	239
10829	239
10805	122
10801	95
10800	130
10802	92
10815	240
10814	320
10809	70
10811	225
10810	225
10799	109
10775	360
10773	105
10771	360
10770	360
10769	360
10782	187
10781	187
10780	187
10779	187
10778	187
10777	3
10776	105
10758	2
10759	2
10756	2
10757	2
10755	136
10766	360
10767	360
10764	360
10765	360
10762	360
10763	360
10760	360
11244	0
11258	103
11259	120
11257	240
11262	137
11263	137
11260	120
11261	137
11251	240
11255	240
11252	240
11253	240
11211	24
11212	24
11183	77
11196	240
11197	240
11190	38
11191	49
11189	77
11186	77
11187	38
11184	38
11185	49
11164	172
11162	179
11163	233
11106	43
11107	21
11104	16
11105	43
11110	112
11111	112
11108	21
11109	126
11114	95
11115	89
11112	639
11113	143
11118	176
11119	170
11116	108
11117	104
11123	8
11122	8
11121	160
11120	165
11072	31
11073	31
11074	31
11075	16
11080	208
11082	104
11084	87
11085	87
11086	43
11087	43
11089	16
11088	15
11091	8
11090	12
11092	14
11095	21
11094	43
11097	119
11096	21
11099	87
11098	87
11101	43
11100	87
11103	15
11102	43
10462	0
10463	240
10460	11
10461	11
10458	98
10459	0
10456	240
10457	184
10454	392
10455	240
10452	280
10453	502
10450	392
10448	280
10449	502
10447	358
10446	41
10445	196
10444	251
10443	140
10442	179
10441	31
10440	161
10435	86
10433	195
10492	116
10493	232
10494	120
10495	208
10488	173
10489	170
10490	93
10491	144
10485	117
10486	117
10487	217
10480	0
10483	0
10476	0
10479	0
10478	0
10473	14
10472	8
10475	0
10474	0
10468	120
10471	12
10470	17
10465	240
10464	120
10467	240
10384	211
10379	178
10378	88
10377	166
10376	241
10382	211
10381	89
10380	103
10371	99
10370	110
10369	174
10368	174
10375	217
10374	178
10373	247
10372	247
10425	257
10427	257
10429	257
10416	0
10417	240
10419	257
10420	257
10421	257
10423	257
10411	240
10412	8
10404	86
10325	240
10322	128
10321	0
10335	98
10334	17
10333	240
10332	240
10331	240
10330	240
10329	240
10328	240
10310	99
10311	168
10309	232
10306	107
10304	67
10305	42
10316	99
10317	99
10314	42
10315	107
10312	245
10313	67
10357	44
10356	45
10353	8
10352	12
10355	40
10354	34
10365	174
10364	110
10367	110
10366	49
10342	68
10343	68
10336	98
10337	98
10338	98
10339	240
10351	46
10344	68
10345	68
10259	145
10258	85
10257	172
10262	240
10261	240
10260	240
10264	240
10291	19
10290	14
10293	99
10295	174
10294	99
10297	197
10296	72
10299	168
10298	178
10301	99
10300	245
10303	99
10302	108
10274	67
10275	8
10276	8
10283	0
10287	220
10701	79
10700	0
10703	79
10702	79
10697	90
10696	90
10699	232
10693	90
10692	90
10695	90
10694	90
10689	90
10688	90
10691	90
10690	90
10719	181
10712	0
10713	0
10714	92
10709	22
10710	44
10711	0
10704	88
10705	178
10706	128
10735	360
10733	187
10732	35
10731	26
10730	26
10729	26
10727	52
10726	55
10724	204
10723	240
10722	240
10721	360
10720	262
10750	240
10748	240
10749	240
10746	48
10747	48
10744	360
10745	164
10742	99
10743	360
10740	91
10741	99
10738	284
10739	303
10736	465
10737	465
10632	0
10636	0
10627	0
10629	0
10628	0
10631	0
10630	0
10648	228
10649	228
10650	215
10651	215
10641	129
10642	0
10643	242
10644	236
10645	228
10646	228
10647	228
10682	107
10683	107
10680	103
10681	103
10686	90
10687	90
10684	107
10685	218
10674	128
10675	129
10673	129
10678	130
10679	103
10676	130
10677	130
10560	232
10583	77
10589	120
10588	240
10591	90
10590	45
10584	38
10599	240
10596	240
10597	240
10594	14
10595	240
10592	12
10593	8
10606	0
10604	251
10605	158
10602	179
10603	41
10600	120
10496	224
10497	224
10498	208
10499	98
10500	68
10501	106
10502	66
10503	53
10504	100
10505	62
10506	172
10507	31
10508	60
10509	168
10510	240
10511	93
10513	219
10512	179
10515	194
10514	208
10517	224
10516	104
10519	216
10518	224
10521	232
10520	216
10523	216
10522	226
10525	230
10524	216
10527	258
10526	114
10531	242
10529	258
10534	130
10535	130
10532	375
10533	130
10538	14
10539	12
10540	12
10555	319
10554	232
10553	236
10556	34
11956	49
11957	77
11958	38
11959	49
11952	38
11953	49
11954	77
11955	38
11964	38
11966	120
11960	77
11962	49
11963	77
11949	38
11948	77
11951	77
11950	49
11947	49
11946	38
11911	143
11910	170
11909	297
11914	81
11912	71
12016	160
12017	160
12018	160
12027	240
12028	240
12029	160
12003	41
12005	158
12007	240
12006	158
12009	240
12008	160
12011	240
12010	240
12013	160
12012	240
12015	160
12014	160
11990	40
11991	40
11988	64
11989	64
11971	148
11975	136
11974	136
11972	92
11837	68
11839	16
11838	16
11833	294
11835	143
11831	129
11825	293
11826	293
11820	302
11822	293
11818	293
11819	293
11814	194
11807	128
11806	223
11805	128
11804	223
11803	234
11801	8
11797	224
11796	194
11795	194
11794	194
11790	56
11791	51
11788	85
11789	102
11786	76
11787	113
11784	298
11785	321
11782	334
11783	283
11780	240
11781	240
11776	298
11777	298
11897	204
11896	262
11898	315
11900	65
11889	365
11888	365
11891	99
11890	152
11893	240
11895	173
11894	168
11880	159
11881	293
11882	293
11883	293
11884	293
11885	293
11886	293
11887	129
11872	24
11873	116
11874	116
11875	152
11876	217
11877	106
11878	159
11879	159
11867	128
11864	11
11871	32
11870	88
11869	100
11868	199
11859	108
11858	160
11857	240
11856	240
11863	184
11860	64
11851	240
11848	180
11849	160
11854	240
11855	240
11853	240
11842	227
11843	227
11840	89
11841	89
11846	548
11844	94
11845	511
12199	5
12198	10
12197	10
12196	10
12195	10
12194	7
12193	7
12192	10
12200	4
12218	51
12216	102
12217	56
12173	238
12175	240
12174	238
12180	240
12181	240
12182	240
12183	240
12176	120
12178	240
12179	240
12188	120
12191	10
12184	120
12185	240
12186	240
12187	120
12259	40
12260	318
12278	240
12283	108
12286	151
12284	151
12285	108
12233	213
12232	211
12235	184
12234	196
12237	184
12236	187
12239	282
12238	204
12240	54
12241	25
12242	44
12243	67
12244	99
12245	56
12246	67
12247	99
12248	56
12249	45
12250	55
12251	55
12252	38
12253	92
12078	240
12079	240
12077	240
12074	240
12075	240
12072	240
12073	240
12070	240
12094	41
12093	251
12088	257
12086	202
12085	95
12084	95
12083	108
12082	108
12081	240
12080	240
12044	240
12045	240
12047	240
12057	164
12056	164
12059	54
12058	54
12053	40
12052	34
12055	44
12054	45
12049	12
12051	14
12050	8
12139	125
12136	138
12142	105
12143	93
12140	105
12141	105
12131	288
12134	55
12135	187
12132	225
12133	136
12096	27
12097	27
12125	170
11478	8
11479	8
11476	8
11477	8
11474	204
11475	8
11486	178
11487	103
11484	99
11485	88
11482	4
11480	8
11481	4
11463	297
11471	293
11470	293
11468	325
11467	192
11466	192
11465	192
11464	192
11508	240
11509	240
11510	639
11511	461
11504	96
11505	124
11507	238
11516	389
11517	389
11518	389
11519	389
11512	389
11513	389
11515	389
11493	304
11492	69
11495	509
11494	41
11488	89
11490	167
11501	96
11500	119
11503	96
11502	96
11496	144
11499	206
11498	420
11290	35
11289	80
11288	35
11295	14
11294	236
11293	236
11292	353
11287	270
11285	240
11284	240
11275	242
11278	240
11279	597
11276	240
11277	240
11266	2
11264	1
11270	15
11268	1
11269	1
11321	79
11322	192
11325	240
11324	236
11327	240
11326	240
11304	367
11305	99
11306	178
11308	232
11309	36
11296	14
11297	236
11301	512
11303	367
11357	154
11356	258
11353	18
11352	24
11351	24
11350	24
11349	24
11348	24
11347	24
11346	24
11345	18
11344	224
11342	80
11343	80
11340	86
11341	101
11338	224
11339	132
11336	100
11334	203
11332	240
11333	240
11330	88
11331	178
11328	125
11329	192
11381	240
11360	241
11649	204
11650	204
11653	240
11652	240
11655	69
11654	69
11657	218
11656	69
11659	209
11658	206
11661	158
11660	145
11663	208
11662	150
11664	148
11665	193
11666	237
11667	168
11668	168
11669	174
11674	240
11675	223
11677	126
11678	272
11679	12
11683	129
11682	85
11681	14
11680	8
11686	293
11685	129
11684	129
11691	293
11690	293
11689	293
11688	293
11694	242
11693	242
11692	68
11699	332
11707	240
11708	240
11717	285
11716	285
11719	285
11712	292
11715	285
11714	285
11721	285
11729	377
11731	152
11740	337
11741	47
11743	117
11736	230
11737	114
11738	96
11739	240
11751	8
11750	8
11746	72
11745	89
11758	224
11756	225
11755	225
11754	159
11753	226
11752	8
11762	174
11763	96
11760	156
11761	176
11775	298
11773	298
11528	389
11529	389
11530	389
11531	389
11532	140
11533	140
11521	389
11547	112
11546	125
11549	161
11548	303
11550	261
11537	389
11536	389
11539	389
11541	389
11540	389
11542	389
11560	241
11561	241
11598	81
11603	72
11631	230
11647	293
11646	293
11639	57
11638	57
11637	51
11636	59
11635	48
11634	102
11633	26
11632	26
12867	220
12866	174
12865	174
12864	110
12871	49
12870	220
12869	174
12868	110
12875	104
12874	161
12873	240
12879	79
12878	103
12877	178
12876	89
12882	240
12883	240
12880	96
12881	240
12886	144
12884	93
12885	144
12890	99
12891	99
12888	146
12889	69
12894	25
12895	665
12892	85
12893	208
12897	344
12896	415
12899	0
12898	0
12901	1
12900	1
12903	0
12902	0
12905	1
12904	0
12907	209
12906	105
12909	8
12908	3
12911	8
12910	12
12912	14
12913	238
12914	238
12915	218
12916	218
12917	88
12918	88
12920	238
12922	218
12923	218
12924	87
12925	87
12926	43
12927	43
12801	222
12800	149
12822	238
12823	218
12821	240
12816	144
12817	144
12830	238
12831	166
12829	238
12826	88
12827	92
12824	218
12825	88
12837	210
12836	210
12839	101
12838	101
12833	218
12832	218
12835	236
12834	236
12845	248
12844	53
12847	210
12843	236
12852	202
12853	202
12854	174
12855	95
12848	210
12849	101
12850	101
12851	236
12860	0
12861	0
12862	0
12863	110
12856	242
12857	172
12858	96
12859	236
13000	50
13001	240
12994	108
12995	151
12992	64
12993	64
12998	151
12999	193
12996	193
12997	108
12942	176
12943	152
12940	0
12938	0
12939	0
12936	0
12937	0
12935	208
12932	14
12933	117
12930	12
12931	8
12928	15
12929	16
12959	88
12958	88
12957	88
12956	40
12955	136
12954	136
12953	0
12952	0
12951	0
12950	0
12949	0
12948	0
12947	6
12946	6
12945	0
12944	94
12972	85
12973	116
12974	199
12969	240
12970	96
12971	96
12964	232
12965	232
12966	232
12967	99
12960	88
12961	82
12962	96
12963	161
12991	240
12990	240
12987	144
12986	144
12981	212
12980	208
12983	136
12982	136
12977	82
12976	192
12979	144
12978	161
12661	198
12628	20
12629	13
12630	14
12624	12
12625	17
12626	20
12627	240
12632	260
12623	13
12622	20
12618	240
12602	140
12579	523
12578	467
12577	10
12576	10
12581	13
12580	672
12564	77
12568	14
12570	605
12571	72
12572	115
12573	260
12574	240
12575	260
12797	17
12785	66
12780	228
12781	100
12776	112
12775	88
12768	86
12765	256
12764	232
12767	240
12766	240
12749	156
12736	132
12737	101
12734	85
12733	72
12732	398
12720	128
12725	8
12724	8
12719	131
12389	127
12374	110
12375	110
12372	49
12373	110
12370	174
12369	110
12376	174
12377	174
12348	240
12349	240
12350	240
12290	150
12289	64
12288	64
12524	213
12526	274
12527	306
12520	200
12521	212
12522	192
12523	188
12517	104
12518	69
12519	150
12512	98
12513	113
12529	160
12528	201
12494	182
12492	173
12493	172
12490	174
12491	137
12488	36
12489	179
12487	74
12482	98
12483	110
12480	110
12481	98
12511	98
12510	110
12509	110
12508	171
12507	206
12506	276
12505	269
12503	231
12502	227
12501	209
12500	219
12499	207
12498	102
12497	150
12456	240
12457	240
12458	240
12459	240
12448	240
12450	94
12451	86
12453	73
12454	240
12455	240
12473	140
12472	192
12477	314
12479	110
12478	0
12467	240
12466	140
12468	240
12471	192
12426	343
12427	363
12425	343
12430	92
12431	84
12428	363
12429	240
12418	240
12419	278
12423	240
12421	240
12443	178
12442	88
12441	128
12446	240
12444	240
12435	99
12433	0
12432	0
12439	240
12438	128
12437	0
12436	0
14098	0
14099	0
14132	0
14130	0
14131	0
14165	183
14187	150
14186	150
14185	150
14184	150
14191	150
14190	150
14183	150
14180	150
14289	14
14288	8
14301	295
14283	275
14306	24
14307	24
14304	24
14305	24
14317	187
13833	12
13832	12
13831	12
13854	148
13855	196
13852	388
13853	388
13851	388
13861	85
13863	66
13862	86
13883	287
13874	240
13930	240
13934	280
14013	203
14015	170
14014	185
14010	170
14018	54
14019	25
14016	124
14017	86
14023	60
14020	44
14021	30
14024	47
14030	176
14031	176
14870	224
14871	192
14868	199
14869	208
14866	99
14867	121
14864	49
14878	3
14879	14
14876	3
14877	3
14874	224
14875	3
14872	72
14873	223
14855	49
14854	38
14853	77
14852	49
14851	38
14850	77
14863	38
14862	77
14858	49
14857	38
14856	77
14881	234
14882	0
14830	650
14828	650
14829	650
14762	114
14763	85
14766	131
14767	115
14764	72
14765	170
14758	128
14756	228
14757	228
14778	44
14777	45
14776	40
14770	236
14769	231
14768	170
14775	34
14728	236
14729	33
14733	101
14720	42
14723	236
14724	210
14725	101
14726	210
14727	101
14744	239
14749	240
14739	79
14738	366
14741	89
14743	42
14742	178
14695	231
14694	244
14693	304
14691	52
14703	67
14696	148
14710	21
14711	60
14708	44
14709	30
14706	54
14707	25
14704	99
14705	56
14718	71
14715	65
14660	109
14663	83
14662	49
14659	152
14665	241
14666	166
14676	54
14677	25
14678	44
14679	30
14673	67
14674	99
14675	56
14684	51
14685	65
14686	176
14687	176
14680	21
14681	60
14682	47
14683	44
14627	236
14626	101
14625	210
14624	101
14631	53
14630	53
14629	33
14628	33
14635	368
14638	25
14637	198
14636	263
14643	4
14647	54
14644	67
14650	30
14648	25
14649	44
14654	44
14652	60
14653	47
14593	390
14592	60
14595	227
14594	307
14597	250
14596	25
14599	75
14598	152
14601	4
14600	99
14603	99
14602	67
14605	54
14604	56
14607	44
14606	25
14608	30
14609	21
14610	60
14611	47
14612	44
14613	51
14614	65
14615	176
14616	176
14617	171
14618	128
14619	89
14620	35
14621	83
14622	236
14623	210
14589	109
14588	147
14591	40
14590	81
14585	65
14580	21
14583	44
14577	25
14576	54
14579	30
14578	44
14572	4
14574	99
14575	56
14568	250
14569	152
14570	75
14571	99
14564	395
14565	343
14566	254
14567	25
14560	72
14559	72
14558	101
14557	53
14556	53
14552	101
14551	210
14550	101
14549	210
14547	210
14545	210
14544	236
14542	65
14543	236
14540	113
14541	60
14538	169
14539	162
14534	51
14535	65
14533	44
14530	21
14531	60
14528	44
14529	30
14521	99
14523	67
14522	4
14525	56
14524	99
14527	25
14526	54
14513	487
14512	32
14515	290
14514	415
14517	25
14516	31
14504	168
14505	168
14506	168
14507	168
14508	234
14509	195
14510	172
14511	181
14496	14
14497	12
14498	8
14499	14
14500	12
14501	8
14502	14
14503	234
14491	12
14495	8
14494	12
14493	14
14492	8
14483	8
14482	12
14487	14
14486	8
14485	12
14484	14
14466	54
14467	13
14464	62
14465	38
14470	9
14471	5
14468	12
14452	85
14453	102
14454	56
14455	51
14450	76
14451	113
14460	5
14461	96
14462	99
14463	107
14456	10
14457	10
14458	7
14459	7
14435	2
14422	0
14423	0
14420	0
14421	0
14418	0
14419	0
14416	0
14417	0
14426	0
14427	0
14424	0
14425	0
14404	293
14403	293
14402	293
14400	232
14414	293
14413	293
14412	129
14411	293
14410	293
14409	293
14384	68
14385	83
14386	70
14387	49
14388	45
14389	47
14390	10
14391	10
14393	7
14394	5
14395	240
14396	192
14397	192
14398	192
14399	136
14370	178
14372	89
14375	208
14377	224
14376	208
14379	208
14378	224
14336	236
14346	236